./src/phm/images/image_0000.png 0.6920 0.0164 0.1726 0.0030 0.999954 0.0055 -0.0072
./src/phm/images/image_0001.png 0.6932 0.0180 0.1795 0.0007 0.999999 0.0007 -0.0011
./src/phm/images/image_0002.png 0.6945 0.0175 0.1860 -0.0000 0.999995 -0.0028 0.0017
./src/phm/images/image_0003.png 0.6954 0.0176 0.1942 -0.0013 0.999995 -0.0020 0.0019
./src/phm/images/image_0001.png 0.4045 -0.1167 -0.0697 -0.0040 0.998889 0.0101 -0.0459
./src/phm/images/image_0002.png 0.4049 -0.1170 -0.0694 -0.0038 0.998918 0.0096 -0.0453
./src/phm/images/image_0003.png 0.4054 -0.1168 -0.0692 -0.0035 0.998930 0.0099 -0.0450
./src/phm/images/image_0004.png 0.4051 -0.1166 -0.0694 -0.0034 0.998917 0.0099 -0.0453
./src/phm/images/image_0005.png 0.4046 -0.1168 -0.0696 -0.0032 0.998909 0.0098 -0.0456
./src/phm/images/image_0006.png 0.4048 -0.1168 -0.0697 -0.0033 0.998917 0.0095 -0.0454
./src/phm/images/image_0007.png 0.4053 -0.1162 -0.0698 -0.0045 0.998912 0.0101 -0.0453
./src/phm/images/image_0008.png 0.4049 -0.1161 -0.0700 -0.0037 0.998897 0.0103 -0.0457
./src/phm/images/image_0009.png 0.4054 -0.1163 -0.0698 -0.0030 0.998931 0.0103 -0.0450
./src/phm/images/image_0010.png 0.4055 -0.1163 -0.0696 -0.0034 0.998929 0.0102 -0.0450
./src/phm/images/image_0011.png 0.4055 -0.1162 -0.0697 -0.0040 0.998918 0.0101 -0.0452
./src/phm/images/image_0012.png 0.4049 -0.1160 -0.0701 -0.0036 0.998895 0.0106 -0.0456
./src/phm/images/image_0013.png 0.4051 -0.1165 -0.0696 -0.0035 0.998916 0.0102 -0.0453
./src/phm/images/image_0014.png 0.4055 -0.1165 -0.0697 -0.0037 0.998926 0.0100 -0.0451
./src/phm/images/image_0015.png 0.4052 -0.1164 -0.0697 -0.0038 0.998919 0.0104 -0.0452
./src/phm/images/image_0016.png 0.4053 -0.1164 -0.0693 -0.0035 0.998926 0.0102 -0.0451
./src/phm/images/image_0017.png 0.4049 -0.1162 -0.0696 -0.0032 0.998906 0.0105 -0.0455
./src/phm/images/image_0018.png 0.4061 -0.1164 -0.0694 -0.0037 0.998951 0.0096 -0.0446
./src/phm/images/image_0019.png 0.4053 -0.1169 -0.0693 -0.0034 0.998935 0.0096 -0.0450
./src/phm/images/image_0020.png 0.4055 -0.1167 -0.0693 -0.0043 0.998932 0.0098 -0.0449
./src/phm/images/image_0021.png 0.4057 -0.1165 -0.0696 -0.0031 0.998946 0.0099 -0.0447
./src/phm/images/image_0022.png 0.4056 -0.1164 -0.0692 -0.0036 0.998933 0.0100 -0.0449
./src/phm/images/image_0023.png 0.4060 -0.1163 -0.0693 -0.0038 0.998945 0.0101 -0.0446
./src/phm/images/image_0024.png 0.4057 -0.1161 -0.0695 -0.0034 0.998935 0.0103 -0.0448
./src/phm/images/image_0025.png 0.4062 -0.1166 -0.0690 -0.0042 0.998961 0.0100 -0.0443
./src/phm/images/image_0026.png 0.4057 -0.1168 -0.0697 -0.0039 0.998938 0.0092 -0.0450
./src/phm/images/image_0027.png 0.4055 -0.1168 -0.0693 -0.0043 0.998936 0.0097 -0.0449
./src/phm/images/image_0028.png 0.4047 -0.1170 -0.0694 -0.0029 0.998925 0.0097 -0.0452
./src/phm/images/image_0029.png 0.4051 -0.1163 -0.0698 -0.0035 0.998910 0.0100 -0.0455
./src/phm/images/image_0030.png 0.4055 -0.1161 -0.0695 -0.0035 0.998927 0.0102 -0.0450
./src/phm/images/image_0031.png 0.4052 -0.1166 -0.0693 -0.0030 0.998926 0.0102 -0.0451
./src/phm/images/image_0032.png 0.4050 -0.1159 -0.0699 -0.0041 0.998898 0.0105 -0.0456
./src/phm/images/image_0033.png 0.4060 -0.1167 -0.0690 -0.0043 0.998944 0.0097 -0.0447
./src/phm/images/image_0034.png 0.4053 -0.1166 -0.0696 -0.0038 0.998923 0.0100 -0.0451
./src/phm/images/image_0035.png 0.4051 -0.1159 -0.0697 -0.0034 0.998907 0.0108 -0.0454
./src/phm/images/image_0036.png 0.4050 -0.1163 -0.0698 -0.0039 0.998915 0.0100 -0.0453
./src/phm/images/image_0037.png 0.4054 -0.1162 -0.0697 -0.0044 0.998918 0.0101 -0.0452
